﻿Name-of-Bidder,Total-Bid,Difference
B,200,200
C,300,100
A,500,200
C,1000,500
B,1200,200
A,1500,300
D,1800,300
B,2000,200
A,2500,500
C,2700,200
D,3000,300
D,3100,100
E,3500,400
A,3600,100
B,4000,400
A,4200,200
